image_width: 640
image_height: 480
camera_name: head_camera
camera_matrix:
  rows: 3
  cols: 3
  data: [299.5508449223813, 0, 323.7451371166649, 0, 400.2735307570769, 262.5545210249358, 0, 0, 1]
distortion_model: rational_polynomial
distortion_coefficients:
  rows: 1
  cols: 8
  data: [0.306872093558004, -0.0645401291533597, -0.0003329914853811556, 0.000484703298797377, -0.003227922633718358, 0.6553183322114394, -0.03895296374758515, -0.01813170803476138]
rectification_matrix:
  rows: 3
  cols: 3
  data: [1, 0, 0, 0, 1, 0, 0, 0, 1]
projection_matrix:
  rows: 3
  cols: 4
  data: [170.8301849365234, 0, 331.9703898933403, 0, 0, 346.3098754882812, 269.2759621782752, 0, 0, 0, 1, 0]