mono fisheye calibration...
D = [0.0, 0.0, 0.0, 0.0]
K = [203.71832715762605, 0.0, 319.5, 0.0, 203.71832715762605, 239.5, 0.0, 0.0, 1.0]
R = [1.0, 0.0, 0.0, 0.0, 1.0, 0.0, 0.0, 0.0, 1.0]
P = [203.71832715762605, 0.0, 319.5, 0.0, 0.0, 203.71832715762605, 239.5, 0.0, 0.0, 0.0, 1.0, 0.0]
None
# oST version 5.0 parameters


[image]

width
640

height
480

[narrow_stereo]

camera matrix
203.718327 0.000000 319.500000
0.000000 203.718327 239.500000
0.000000 0.000000 1.000000

distortion
0.000000 0.000000 0.000000 0.000000

rectification
1.000000 0.000000 0.000000
0.000000 1.000000 0.000000
0.000000 0.000000 1.000000

projection
203.718327 0.000000 319.500000 0.000000
0.000000 203.718327 239.500000 0.000000
0.000000 0.000000 1.000000 0.000000

('Wrote calibration data to', '/tmp/calibrationdata.tar.gz')
D = [0.0, 0.0, 0.0, 0.0]
K = [203.71832715762605, 0.0, 319.5, 0.0, 203.71832715762605, 239.5, 0.0, 0.0, 1.0]
R = [1.0, 0.0, 0.0, 0.0, 1.0, 0.0, 0.0, 0.0, 1.0]
P = [203.71832715762605, 0.0, 319.5, 0.0, 0.0, 203.71832715762605, 239.5, 0.0, 0.0, 0.0, 1.0, 0.0]
# oST version 5.0 parameters


[image]

width
640

height
480

[narrow_stereo]

camera matrix
203.718327 0.000000 319.500000
0.000000 203.718327 239.500000
0.000000 0.000000 1.000000

distortion
0.000000 0.000000 0.000000 0.000000

rectification
1.000000 0.000000 0.000000
0.000000 1.000000 0.000000
0.000000 0.000000 1.000000

projection
203.718327 0.000000 319.500000 0.000000
0.000000 203.718327 239.500000 0.000000
0.000000 0.000000 1.000000 0.000000
