mono fisheye calibration...
D = [0.0, 0.0, 0.0, 0.0]
K = [203.71832715762605, 0.0, 319.5, 0.0, 203.71832715762605, 239.5, 0.0, 0.0, 1.0]
R = [1.0, 0.0, 0.0, 0.0, 1.0, 0.0, 0.0, 0.0, 1.0]
P = [203.71832715762605, 0.0, 319.5, 0.0, 0.0, 203.71832715762605, 239.5, 0.0, 0.0, 0.0, 1.0, 0.0]
None
# oST version 5.0 parameters


[image]

width
640

height
480

